format %s_%02d_%s_%04d
block 9
worms 5
frames 30
precision 2
worm 01 frame 0001
x 47743,47979,48399,48849,49370,49900,50483,51013,51519,51957,52360,52731,52989,53240,53559,
y 10751,10443,10388,10388,10320,10100,9944,9724,9724,9906,10138,10423,10759,11086,11128,
w 0,188,223,250,326,403,374,306,274,264,268,223,212,122,0,
t 6355,
g 6609,
m 0,
l 0,
o 0,
worm 01 frame 0002
x 47983,48406,48856,49369,49899,50446,51006,51513,51965,52293,52639,52924,53020,
y 10407,10388,10388,10275,10055,9800,9676,9676,9819,10147,10463,10775,10958,
w 200,279,294,327,399,403,324,290,257,246,269,200,200,
t 6355,
g 6609,
m 0,
l 0,
o 0,
worm 01 frame 0003
x 48051,48408,48843,49344,49853,50400,50947,51452,51890,52270,52555,52751,52795,
y 10810,10583,10466,10308,10043,9788,9616,9660,9841,10108,10479,10855,11056,
w 200,303,339,331,356,401,319,284,274,245,257,255,200,
t 6355,
g 6609,
m 0,
l 0,
o 0,
worm 01 frame 0004
x 48156,48312,48468,48911,49378,49833,50380,50927,51426,51878,52206,52492,52687,52732,
y 10951,10808,10665,10587,10344,9995,9740,9567,9655,9798,10126,10498,10873,11074,
w 200,200,200,326,284,304,380,334,246,297,270,230,225,200,
t 6355,
g 6609,
m 0,
l 0,
o 0,
worm 01 frame 0005
x 48457,48555,48978,49172,49365,49608,49850,50344,50891,51390,51828,52156,52408,52603,52648,
y 11038,10850,10696,10519,10341,10187,10033,9687,9514,9602,9784,10112,10507,10882,11083,
w 200,216,238,228,217,245,272,405,314,298,293,244,282,213,200,
t 6355,
g 6609,
m 0,
l 0,
o 0,
worm 01 frame 0006
x 48545,48674,48858,49042,49220,49414,49608,49819,50313,50874,51378,51799,52154,52334,52529,52574,52650,
y 11196,11028,10899,10770,10576,10398,10187,9993,9647,9523,9567,9786,10084,10517,10893,11094,11278,
w 200,200,202,205,238,275,279,275,399,305,294,292,235,248,200,204,200,
t 6355,
g 6609,
m 0,
l 0,
o 0,
worm 01 frame 0007
x 48845,48957,49102,49295,49455,49630,49842,50336,50896,51401,51821,52088,52304,52466,52545,
y 11147,10952,10780,10602,10394,10166,9972,9626,9502,9546,9765,10146,10561,10952,11142,
w 200,219,207,221,252,284,277,379,298,265,243,243,247,240,214,
t 6355,
g 6609,
m 0,
l 0,
o 0,
worm 01 frame 0008
x 48848,48948,49025,49184,49325,49502,49635,49829,50323,50883,51372,51772,52101,52317,52409,52453,52535,
y 11349,11176,10964,10805,10584,10390,10135,9924,9578,9454,9585,9840,10168,10583,10996,11198,11395,
w 200,200,200,212,222,226,271,320,379,334,276,312,261,283,209,200,200,
t 6355,
g 6609,
m 0,
l 0,
o 0,
worm 01 frame 0009
x 49047,49142,49237,49316,49493,49626,49800,50323,50892,51391,51791,52089,52341,52468,52547,52662,
y 11214,11010,10806,10555,10362,10107,9879,9578,9503,9591,9846,10202,10597,11000,11190,11371,
w 200,200,200,220,249,260,269,379,297,283,318,274,253,240,253,200,
t 6355,
g 6609,
m 0,
l 0,
o 0,
worm 01 frame 0010
x 48947,48947,49060,49155,49276,49398,49591,49803,50325,50899,51397,51774,52130,52381,52577,52621,52703,
y 11348,11148,10953,10749,10516,10283,10071,9877,9576,9551,9639,9927,10226,10621,10996,11197,11395,
w 200,200,200,209,211,214,245,297,368,249,313,245,272,250,223,221,200,
t 6355,
g 6609,
m 0,
l 0,
o 0,
worm 01 frame 0011
x 48976,49044,49064,49193,49293,49435,49567,49779,50325,50894,51370,51791,52119,52371,52566,52628,52727,
y 11340,11152,10928,10744,10501,10279,10025,9831,9576,9501,9674,9893,10222,10617,10992,11188,11378,
w 200,200,200,200,207,205,268,292,368,299,283,282,283,257,234,229,200,
t 6355,
g 6609,
m 0,
l 0,
o 0,
worm 01 frame 0012
x 48960,49044,49044,49157,49257,49435,49609,49821,50343,50917,51406,51806,52134,52386,52613,52708,52839,
y 11317,11136,10911,10716,10473,10279,10052,9858,9556,9531,9662,9917,10245,10640,10997,11180,11350,
w 200,200,200,200,234,248,265,301,359,331,260,275,281,245,211,200,200,
t 6355,
g 6609,
m 0,
l 0,
o 0,
worm 01 frame 0013
x 48551,48651,48765,48894,49054,49195,49388,49616,49844,50411,50980,51478,51899,52255,52506,52734,52844,52989,
y 11299,11126,10962,10778,10619,10397,10220,10045,9870,9664,9589,9677,9896,10195,10590,10947,11120,11278,
w 200,200,200,202,233,277,278,314,364,375,290,278,281,313,234,240,231,200,
t 6355,
g 6609,
m 0,
l 0,
o 0,
worm 01 frame 0014
x 48449,48564,48728,48857,49016,49209,49403,49645,49887,50454,51023,51527,51966,52321,52464,52607,52802,52913,53057,
y 11214,11051,10936,10752,10592,10415,10237,10083,9929,9723,9648,9692,9873,10172,10358,10544,10919,11093,11250,
w 200,200,200,218,224,266,312,322,388,405,264,293,276,248,224,200,231,208,200,
t 6355,
g 6609,
m 0,
l 0,
o 0,
worm 01 frame 0015
x 48242,48383,48525,48698,48870,49043,49264,49458,49686,49928,50494,51063,51570,52008,52336,52534,52642,52771,52900,52978,
y 11289,11147,11006,10906,10761,10617,10475,10298,10123,9969,9763,9688,9688,9869,10198,10324,10531,10699,10867,11057,
w 200,200,241,219,234,242,262,305,362,352,363,314,289,285,244,267,221,210,200,200,
t 6355,
g 6609,
m 0,
l 0,
o 0,
worm 01 frame 0016
x 48151,48305,48498,48679,48883,49042,49264,49485,49727,49992,50539,51099,51604,52067,52423,52581,52707,52836,52949,53011,
y 11144,11015,10963,10879,10784,10625,10484,10342,10188,10078,9823,9699,9743,9846,10145,10317,10515,10683,10861,11057,
w 200,215,257,290,246,266,256,282,367,383,409,317,277,275,283,293,214,236,204,200,
t 6355,
g 6609,
m 0,
l 0,
o 0,
worm 01 frame 0017
x 48078,48259,48458,48655,48850,49045,49267,49509,49764,50029,50576,51123,51628,52091,52493,52651,52824,52905,53048,53143,
y 10953,10869,10886,10851,10739,10626,10485,10385,10252,10142,9887,9715,9759,9861,10094,10266,10425,10620,10776,10959,
w 200,200,292,288,282,269,325,353,374,396,395,324,273,305,282,258,216,220,200,200,
t 6355,
g 6609,
m 0,
l 0,
o 0,
worm 01 frame 0018
x 48042,48230,48427,48626,48850,49054,49311,49561,49816,50081,50603,51151,51655,52118,52539,52725,52883,53026,53194,
y 10844,10776,10741,10758,10739,10644,10587,10508,10375,10265,9964,9791,9747,9850,10046,10189,10361,10517,10646,
w 200,200,200,260,342,348,387,377,419,408,333,343,350,277,284,245,230,274,200,
t 6355,
g 6609,
m 0,
l 0,
o 0,
worm 01 frame 0019
x 48153,48294,48488,48687,48911,49115,49371,49632,49887,50167,50689,51173,51679,52153,52602,52775,52960,53148,
y 10609,10750,10802,10819,10800,10705,10648,10613,10481,10419,10117,9809,9809,9829,9950,10108,10251,10348,
w 200,200,202,220,290,297,355,393,391,404,353,354,292,276,268,260,219,212,
t 6355,
g 6609,
m 0,
l 0,
o 0,
worm 01 frame 0020
x 48167,48355,48548,48742,48953,49178,49435,49695,49960,50234,50756,51240,51716,52190,52639,52846,53032,53220,53399,
y 10750,10818,10870,10922,10845,10845,10788,10754,10644,10557,10256,9948,9774,9754,9874,9982,10125,10222,10336,
w 200,200,200,229,211,303,371,362,429,381,345,387,374,254,281,238,277,278,200,
t 6355,
g 6609,
m 0,
l 0,
o 0,
worm 01 frame 0021
x 48001,48288,48632,49076,49576,50100,50657,51127,51545,52084,52599,53045,53449,53839,
y 10834,10757,10955,11074,10940,10800,10569,10298,9977,9833,9833,10018,10185,10236,
w 0,97,197,260,317,403,343,326,358,315,283,237,194,8,
t 6355,
g 6273,
m 0,
l 0,
o 0,
worm 01 frame 0022
x 48078,48347,48628,48857,49086,49345,49603,50128,50685,51155,51599,52105,52612,53091,53494,
y 10545,10670,10951,10971,10991,10991,10991,10851,10620,10348,10066,9830,9740,9803,9971,
w 200,200,200,200,200,254,309,373,353,290,349,382,340,297,200,
t 6355,
g 6273,
m 0,
l 0,
o 0,
worm 01 frame 0023
x 48428,48656,48872,49094,49349,49592,50132,50690,51160,51603,52061,52558,53037,53470,53668,
y 10588,10913,10992,11051,11096,11008,10960,10729,10458,10175,9855,9722,9659,9716,9742,
w 200,200,200,251,300,208,341,341,303,342,360,325,261,218,200,
t 6355,
g 6273,
m 0,
l 0,
o 0,
worm 01 frame 0024
x 48251,48351,48676,48892,49114,49372,49627,50161,50736,51228,51672,52130,52575,53047,53484,
y 10475,10649,10876,10955,11014,11037,11082,10988,10806,10577,10294,9974,9717,9612,9593,
w 200,200,200,200,215,239,283,330,387,281,307,352,362,315,200,
t 6355,
g 6273,
m 0,
l 0,
o 0,
worm 01 frame 0025
x 48172,48346,48705,48927,49136,49393,49648,50189,50778,51270,51713,52197,52591,53070,53507,53684,
y 10547,10647,10814,10874,10971,10994,11039,10991,10861,10631,10349,10069,9739,9675,9695,9602,
w 200,200,213,200,266,294,301,304,361,299,313,307,389,321,200,200,
t 6355,
g 6273,
m 0,
l 0,
o 0,
worm 01 frame 0026
x 47937,48136,48336,48719,48941,49167,49417,49676,50219,50808,51299,51786,52243,52665,53111,53548,
y 10639,10657,10674,10777,10836,10876,10943,10943,10943,10813,10583,10382,10062,9766,9582,9562,
w 200,200,200,224,216,278,257,273,327,375,346,338,350,360,282,205,
t 6355,
g 6273,
m 0,
l 0,
o 0,
worm 01 frame 0027
x 47990,48171,48370,48761,48969,49198,49448,49703,49973,50244,50543,50842,51366,51852,52280,52726,53186,53623,
y 10851,10767,10750,10681,10778,10758,10825,10870,10846,10822,10783,10744,10603,10402,10043,9785,9640,9659,
w 200,235,251,200,233,258,280,270,248,227,285,343,326,333,302,323,336,200,
t 6355,
g 6273,
m 0,
l 0,
o 0,
worm 01 frame 0028
x 48055,48196,48370,48743,48969,49199,49453,49711,49973,50244,50538,50837,51361,51848,52331,52753,53181,53615,
y 11043,10902,10802,10666,10706,10706,10751,10728,10799,10822,10757,10718,10577,10376,10097,9801,9578,9521,
w 200,224,264,219,296,294,253,272,303,281,345,320,325,404,303,333,279,200,
t 6355,
g 6273,
m 0,
l 0,
o 0,
worm 01 frame 0029
x 48151,48235,48416,48742,48970,49197,49452,49709,49980,50251,50550,50851,51376,51889,52373,52819,53265,
y 11207,11025,10941,10713,10693,10653,10608,10631,10654,10654,10615,10628,10488,10374,10095,9837,9652,
w 200,236,260,316,301,347,312,269,258,349,319,332,297,419,342,319,341,
t 6355,
g 6273,
m 0,
l 0,
o 0,
worm 01 frame 0030
x 48075,48289,48453,48757,48973,49195,49430,49688,49960,50230,50531,50819,51360,51862,52401,52823,53251,
y 11295,11195,11081,10825,10747,10687,10578,10578,10578,10602,10588,10498,10450,10292,10148,9853,9630,
w 200,200,224,275,354,330,280,300,321,300,313,298,258,299,391,337,235,
t 6355,
g 6273,
m 0,
l 0,
o 0,
worm 02 frame 0001
x 21395,21718,21870,22073,22289,22648,23155,23650,24127,24600,25195,25619,25940,26290,26653,27046,27388,
y 27536,27669,28037,28389,28762,29038,29174,29174,28977,28850,28928,29173,29494,29763,29972,30135,29993,
w 0,149,198,206,231,253,324,296,316,400,290,254,241,219,225,170,0,
t 6763,
g 7263,
m 0,
l 0,
o 0,
worm 02 frame 0002
x 21653,21787,21839,22042,22165,22289,22671,23178,23657,24160,24642,25237,25639,25986,26336,26699,26921,
y 27371,27694,28088,28440,28617,28794,29037,29173,29044,28933,28848,28926,29207,29499,29767,29977,30016,
w 200,200,239,211,214,217,272,372,347,302,355,306,262,229,234,244,200,
t 6763,
g 7263,
m 0,
l 0,
o 0,
worm 02 frame 0003
x 21749,21801,22005,22128,22267,22669,23175,23654,24146,24628,25201,25602,25923,26273,26636,26858,27031,
y 27689,28083,28435,28612,28777,28986,29122,28994,28838,28753,28934,29215,29536,29804,30014,30053,30153,
w 200,202,215,245,233,288,386,299,342,393,285,274,277,261,200,209,200,
t 6763,
g 7263,
m 0,
l 0,
o 0,
worm 02 frame 0004
x 21749,21835,22007,22114,22267,22686,23202,23681,24184,24667,25239,25640,25961,26286,26649,26844,
y 27681,28069,28438,28624,28777,28950,29041,28913,28801,28716,28897,29178,29499,29797,30006,30119,
w 200,200,216,227,233,251,441,314,399,385,306,239,243,276,200,200,
t 6763,
g 7263,
m 0,
l 0,
o 0,
worm 02 frame 0005
x 21652,21744,21761,21965,22117,22282,22684,23209,23687,24179,24669,25241,25588,25909,26259,26602,26786,26986,
y 27506,27684,28081,28433,28586,28724,28934,28934,28805,28650,28650,28831,29177,29498,29766,30007,30136,30153,
w 200,200,200,234,203,253,324,434,305,359,374,280,276,275,218,218,200,200,
t 6763,
g 7263,
m 0,
l 0,
o 0,
worm 02 frame 0006
x 21663,21749,21952,22104,22291,22710,23234,23700,24204,24691,25224,25599,25891,26216,26596,26807,
y 27706,28095,28447,28599,28707,28881,28881,28711,28600,28557,28834,29149,29497,29794,29972,30049,
w 200,247,209,228,294,319,360,327,400,331,293,250,231,236,201,200,
t 6763,
g 7263,
m 0,
l 0,
o 0,
worm 02 frame 0007
x 21654,21706,21967,22120,22332,22764,23288,23754,24266,24754,25286,25601,25922,26271,26651,26863,
y 27760,28155,28466,28619,28656,28792,28792,28623,28555,28598,28875,29250,29571,29840,30017,30094,
w 200,211,213,217,258,299,373,327,346,332,292,250,247,268,222,200,
t 6763,
g 7263,
m 0,
l 0,
o 0,
worm 02 frame 0008
x 21660,21677,21821,21965,22130,22317,22766,23282,23776,24280,24762,25294,25609,25901,26273,26636,26840,27037,
y 27754,28151,28295,28439,28577,28685,28744,28653,28610,28498,28583,28860,29236,29584,29820,30030,30125,30160,
w 200,200,200,200,246,286,351,354,315,399,319,308,266,232,254,239,200,200,
t 6763,
g 7263,
m 0,
l 0,
o 0,
worm 02 frame 0009
x 21664,21682,21848,21965,22151,22347,22796,23313,23801,24312,24794,25270,25617,25909,26281,26660,26845,27033,
y 27758,28156,28272,28439,28546,28638,28697,28606,28520,28452,28537,28903,29249,29597,29834,30011,30140,30209,
w 200,232,200,231,251,296,403,394,380,348,353,261,264,274,262,214,200,200,
t 6763,
g 7263,
m 0,
l 0,
o 0,
worm 02 frame 0010
x 21563,21683,21826,21982,22177,22386,22839,23345,23839,24354,24827,25065,25303,25584,25932,26282,26661,26846,
y 27760,28139,28283,28414,28505,28561,28580,28445,28402,28379,28506,28689,28871,29272,29564,29833,30010,30139,
w 200,221,200,244,239,274,385,348,400,372,314,288,261,276,235,261,213,217,
t 6763,
g 7263,
m 0,
l 0,
o 0,
worm 02 frame 0011
x 21579,21665,21831,21975,22162,22377,22830,23346,23840,24355,24815,25081,25264,25610,25931,26281,26644,26817,
y 27751,28139,28256,28399,28507,28488,28469,28378,28334,28357,28524,28663,28901,29247,29568,29837,30046,30191,
w 200,230,229,235,252,338,370,380,371,348,299,288,258,240,238,258,253,200,
t 6763,
g 7263,
m 0,
l 0,
o 0,
worm 02 frame 0012
x 21545,21664,21840,22007,22219,22434,22887,23393,23889,24400,24861,25099,25281,25596,25888,26279,26600,26745,26933,
y 27781,28160,28262,28379,28416,28397,28377,28242,28242,28309,28477,28659,28897,29272,29620,29824,30093,30266,30334,
w 200,216,269,246,308,378,387,393,358,308,310,307,272,267,260,253,207,200,200,
t 6763,
g 7263,
m 0,
l 0,
o 0,
worm 02 frame 0013
x 21485,21662,21858,22002,22217,22432,22874,23390,23886,24397,24841,25094,25277,25558,25850,26222,26565,26724,
y 27987,28111,28163,28307,28326,28345,28246,28155,28155,28223,28430,28591,28829,29230,29578,29815,30055,30215,
w 200,249,200,279,346,357,388,403,345,323,335,281,258,270,268,229,253,200,
t 6763,
g 7263,
m 0,
l 0,
o 0,
worm 02 frame 0014
x 21432,21484,21636,21833,22017,22229,22444,22893,23400,23894,24397,24841,25062,25245,25526,25818,26189,26533,26692,
y 27755,27949,28101,28154,28240,28202,28221,28162,28026,28069,28181,28388,28591,28829,29230,29578,29815,30055,30214,
w 200,200,200,263,285,329,382,396,426,344,299,294,305,276,283,252,241,228,200,
t 6763,
g 7263,
m 0,
l 0,
o 0,
worm 02 frame 0015
x 21487,21639,21842,22018,22230,22445,22894,23411,23899,24391,24835,25037,25220,25501,25793,26165,26508,26667,26849,
y 27851,28004,28021,28123,28085,28067,28007,27916,28002,28158,28365,28586,28824,29225,29573,29810,30050,30209,30294,
w 200,241,225,301,367,369,407,417,314,308,312,320,282,235,270,250,266,200,200,
t 6763,
g 7263,
m 0,
l 0,
o 0,
worm 02 frame 0016
x 21426,21638,21829,21996,22211,22419,22868,23384,23873,24349,24773,24976,25159,25404,25664,26014,26335,26539,26738,26902,
y 27857,27895,27825,27942,27923,27867,27808,27717,27803,28001,28245,28467,28705,29129,29501,29769,30038,30134,30151,30266,
w 200,209,227,275,377,368,441,417,398,304,308,292,276,266,258,251,264,269,200,200,
t 6763,
g 7263,
m 0,
l 0,
o 0,
worm 02 frame 0017
x 21604,21806,22009,22224,22420,22862,23384,23880,24338,24739,24960,25121,25328,25520,25818,26139,26334,26508,26608,
y 27770,27788,27770,27770,27679,27581,27535,27535,27773,28054,28257,28510,28954,29365,29690,29960,30072,30172,30346,
w 200,216,270,331,303,384,365,322,314,282,287,292,271,258,303,277,239,252,200,
t 6763,
g 7263,
m 0,
l 0,
o 0,
worm 02 frame 0018
x 21681,21872,22056,22268,22455,22888,23404,23883,24340,24741,24944,25083,25327,25519,25817,26114,26298,26491,26633,
y 27747,27816,27730,27693,27585,27449,27358,27486,27724,28005,28226,28492,28916,29328,29653,29949,30079,30130,30272,
w 200,200,223,210,290,359,358,325,298,310,275,277,273,279,238,261,242,231,231,
t 6763,
g 7263,
m 0,
l 0,
o 0,
worm 02 frame 0019
x 21856,22047,22234,22421,22870,23386,23875,24332,24707,24910,25049,25256,25447,25745,26066,26251,26424,26524,26724,
y 27744,27675,27567,27459,27400,27309,27395,27633,27948,28169,28435,28879,29291,29616,29885,30014,30114,30287,30403,
w 200,228,242,260,302,375,314,287,274,254,285,283,271,265,272,261,277,200,200,
t 6763,
g 7263,
m 0,
l 0,
o 0,
worm 02 frame 0020
x 21877,22032,22219,22415,22857,23379,23858,24316,24691,24852,24991,25236,25463,25760,26104,26263,26456,26541,26730,
y 27745,27614,27506,27415,27317,27271,27400,27638,27953,28206,28472,28896,29289,29614,29855,30014,30066,30247,30379,
w 200,200,207,216,354,329,303,287,259,269,292,258,254,256,250,247,219,200,200,
t 6763,
g 7263,
m 0,
l 0,
o 0,
worm 02 frame 0021
x 21880,21922,22257,22683,23150,23745,24163,24540,24820,25043,25282,25509,25876,26273,26585,26908,27254,
y 28127,27809,27551,27375,27250,27328,27570,27859,28224,28610,29025,29417,29699,29928,30240,30488,30443,
w 0,121,223,261,400,283,275,260,246,279,253,262,259,241,208,149,0,
t 6763,
g 7203,
m 0,
l 0,
o 0,
worm 02 frame 0022
x 21888,22263,22689,23171,23756,24175,24495,24806,24995,25234,25526,25915,26291,26652,26953,
y 27629,27434,27257,27215,27345,27587,27937,28276,28680,29095,29442,29690,29953,30206,30482,
w 200,242,319,386,299,276,255,262,294,257,275,265,263,247,200,
t 6763,
g 7203,
m 0,
l 0,
o 0,
worm 02 frame 0023
x 21951,22107,22263,22703,23184,23756,24152,24473,24784,24972,25247,25567,25957,26333,26694,
y 27631,27488,27345,27207,27165,27345,27622,27972,28311,28716,29108,29428,29677,29940,30192,
w 200,209,219,290,346,299,267,285,243,285,263,264,280,262,220,
t 6763,
g 7203,
m 0,
l 0,
o 0,
worm 02 frame 0024
x 21762,21962,22140,22318,22744,23225,23512,23798,24139,24460,24771,24959,25298,25618,26028,26404,26765,26858,
y 27559,27550,27436,27323,27146,27188,27278,27369,27710,28060,28399,28804,29142,29463,29676,29939,30192,30391,
w 200,200,229,252,347,313,288,263,305,288,289,277,263,265,246,260,200,200,
t 6763,
g 7203,
m 0,
l 0,
o 0,
worm 02 frame 0025
x 21755,21955,22156,22335,22760,23236,23502,23769,24139,24459,24739,24995,25334,25681,26091,26488,26800,26857,
y 27460,27451,27387,27274,27097,27181,27320,27458,27769,28119,28484,28849,29188,29479,29692,29922,30233,30446,
w 200,200,217,236,303,321,298,290,311,260,266,309,251,286,282,244,240,200,
t 6763,
g 7203,
m 0,
l 0,
o 0,
worm 02 frame 0026
x 21761,21960,22103,22298,22748,23215,23481,23719,24089,24410,24720,25007,25346,25738,26148,26545,26857,26914,27055,
y 27454,27428,27272,27191,27091,27216,27355,27537,27848,28198,28537,28879,29217,29444,29657,29887,30198,30411,30552,
w 200,200,248,275,382,306,281,273,315,275,297,263,267,293,297,242,243,200,200,
t 6763,
g 7203,
m 0,
l 0,
o 0,
worm 02 frame 0027
x 21864,22071,22277,22738,23204,23471,23673,24043,24332,24671,24987,25354,25764,26174,26572,26883,27025,27212,
y 27243,27197,27151,27131,27256,27395,27616,27927,28303,28614,28929,29237,29429,29642,29871,30183,30351,30420,
w 200,241,250,271,265,234,253,275,237,285,313,301,266,268,240,217,200,200,
t 6763,
g 7203,
m 0,
l 0,
o 0,
worm 02 frame 0028
x 21894,22100,22302,22762,23200,23421,23643,23984,24305,24644,24986,25353,25778,26206,26603,26914,27056,27244,
y 27146,27100,27037,27057,27261,27464,27666,28008,28358,28669,28956,29263,29418,29595,29824,30136,30304,30373,
w 200,300,281,291,279,319,274,300,317,272,280,282,311,305,268,200,200,200,
t 6763,
g 7203,
m 0,
l 0,
o 0,
worm 02 frame 0029
x 21917,22112,22324,22774,23212,23373,23594,23936,24224,24613,24928,25343,25753,26194,26610,26948,27089,
y 27036,26956,26946,27046,27250,27503,27706,28048,28424,28671,28987,29226,29418,29557,29751,30034,30202,
w 200,245,255,264,241,262,274,297,215,254,312,276,287,311,273,222,217,
t 6763,
g 7203,
m 0,
l 0,
o 0,
worm 02 frame 0030
x 21934,22112,22318,22758,23154,23375,23578,23888,24209,24574,24939,25331,25769,26221,26652,26989,27130,27297,
y 26950,26836,26882,27021,27298,27500,27722,28092,28442,28722,28978,29252,29369,29470,29626,29910,30078,30217,
w 200,237,294,239,254,246,253,281,262,249,315,281,300,281,271,237,200,200,
t 6763,
g 7203,
m 0,
l 0,
o 0,
worm 03 frame 0001
x 33735,33610,33194,32866,32585,32352,32229,32356,32600,32917,33304,33774,34034,
y 19422,19723,19895,20223,20590,20994,21453,21928,22350,22763,23060,23122,22922,
w 0,126,250,264,262,267,274,292,320,288,275,127,0,
t 6223,
g 5432,
m 0,
l 0,
o 0,
worm 03 frame 0002
x 33521,33122,32794,32513,32353,32271,32356,32600,32917,33328,
y 19635,19843,20171,20537,20976,21443,21928,22350,22763,23025,
w 200,264,258,253,248,233,275,320,320,277,
t 6223,
g 5432,
m 0,
l 0,
o 0,
worm 03 frame 0003
x 33361,33122,32794,32513,32315,32193,32320,32564,32915,33132,33348,
y 19731,19843,20171,20537,20961,21419,21894,22316,22700,22812,22925,
w 219,264,258,253,269,293,295,320,272,236,200,
t 6223,
g 5432,
m 0,
l 0,
o 0,
worm 03 frame 0004
x 33513,33324,33122,32794,32513,32353,32271,32314,32627,32907,33086,33266,33461,33652,
y 19564,19673,19843,20171,20537,20976,21443,21933,22307,22746,22910,23075,23118,23058,
w 200,213,264,258,253,248,233,315,270,313,300,228,200,200,
t 6223,
g 5432,
m 0,
l 0,
o 0,
worm 03 frame 0005
x 33511,33332,33116,32788,32507,32309,32187,32314,32558,32909,33089,33269,33464,
y 19552,19678,19829,20157,20524,20947,21405,21880,22303,22686,22851,23016,23059,
w 200,222,252,272,241,256,287,259,316,266,259,286,209,
t 6223,
g 5432,
m 0,
l 0,
o 0,
worm 03 frame 0006
x 33544,33390,33150,32822,32541,32344,32261,32347,32591,32870,33064,33296,33491,33691,
y 19551,19706,19817,20145,20512,20935,21402,21887,22309,22748,22896,22969,22926,22989,
w 200,223,276,266,273,264,239,268,296,304,307,265,200,200,
t 6223,
g 5432,
m 0,
l 0,
o 0,
worm 03 frame 0007
x 33547,33380,33178,32822,32541,32344,32221,32306,32550,32867,33060,33277,33461,
y 19537,19678,19847,20145,20512,20935,21393,21878,22300,22713,22861,22974,23050,
w 200,252,270,266,266,264,279,304,320,316,289,213,204,
t 6223,
g 5432,
m 0,
l 0,
o 0,
worm 03 frame 0008
x 33600,33394,33178,32822,32541,32344,32261,32304,32548,32865,33070,33250,33409,
y 19551,19696,19847,20145,20512,20935,21402,21892,22315,22727,22858,23023,23145,
w 200,223,270,274,266,264,239,310,310,316,279,281,200,
t 6223,
g 5432,
m 0,
l 0,
o 0,
worm 03 frame 0009
x 33548,33386,33157,32829,32548,32350,32228,32271,32550,32867,33060,33277,33461,
y 19510,19703,19835,20162,20529,20952,21411,21901,22300,22713,22861,22974,23050,
w 200,228,269,293,305,254,273,271,320,316,289,213,253,
t 6223,
g 5432,
m 0,
l 0,
o 0,
worm 03 frame 0010
x 33595,33376,33160,32832,32584,32316,32234,32319,32563,32880,33073,33267,33435,
y 19553,19679,19830,20158,20548,20931,21398,21882,22304,22717,22865,23014,23121,
w 200,251,281,281,222,252,266,293,313,309,281,252,200,
t 6223,
g 5432,
m 0,
l 0,
o 0,
worm 03 frame 0011
x 33545,33383,33155,32827,32515,32317,32235,32278,32558,32874,33054,33260,33437,
y 19512,19705,19837,20165,20506,20929,21396,21886,22286,22699,22863,22994,23087,
w 200,227,283,292,298,253,265,278,305,301,295,297,217,
t 6223,
g 5432,
m 0,
l 0,
o 0,
worm 03 frame 0012
x 33387,33159,32831,32550,32316,32234,32319,32563,32914,33063,33295,33490,
y 19709,19841,20169,20536,20940,21407,21892,22314,22698,22891,22964,23008,
w 222,289,286,259,258,267,296,320,271,305,200,208,
t 6223,
g 5432,
m 0,
l 0,
o 0,
worm 03 frame 0013
x 33364,33148,32820,32538,32341,32218,32345,32589,32869,33085,33279,33447,33655,
y 19682,19833,20161,20527,20951,21409,21884,22307,22745,22858,23006,23114,23123,
w 227,276,272,270,264,282,268,295,306,267,295,200,200,
t 6223,
g 5432,
m 0,
l 0,
o 0,
worm 03 frame 0014
x 33480,33367,33151,32823,32575,32341,32259,32301,32545,32862,33055,33293,33462,
y 19481,19677,19829,20157,20546,20951,21418,21908,22330,22743,22891,22944,23052,
w 200,200,274,285,273,264,242,302,298,304,260,244,205,
t 6223,
g 5432,
m 0,
l 0,
o 0,
worm 03 frame 0015
x 33546,33416,33168,32840,32528,32330,32207,32335,32541,32892,33023,33240,33375,
y 19555,19741,19831,20159,20500,20923,21381,21857,22299,22682,22888,23000,23148,
w 200,200,271,288,290,261,293,271,314,276,308,302,200,
t 6223,
g 5432,
m 0,
l 0,
o 0,
worm 03 frame 0016
x 33582,33396,33180,32852,32570,32337,32254,32297,32577,32894,33073,33306,33465,33649,
y 19560,19690,19842,20169,20536,20941,21408,21898,22297,22710,22875,22948,23070,23146,
w 200,217,271,274,238,270,246,297,337,294,286,244,233,200,
t 6223,
g 5432,
m 0,
l 0,
o 0,
worm 03 frame 0017
x 33593,33388,33171,32844,32531,32334,32211,32338,32582,32899,33064,33269,33447,
y 19583,19679,19831,20159,20499,20923,21381,21856,22278,22691,22871,23002,23094,
w 200,200,284,288,305,264,289,267,281,277,282,261,211,
t 6223,
g 5432,
m 0,
l 0,
o 0,
worm 03 frame 0018
x 33379,33163,32835,32554,32320,32238,32281,32560,32877,33071,33276,33454,
y 19689,19840,20168,20534,20939,21406,21896,22296,22708,22857,22988,23080,
w 205,286,285,255,260,262,299,309,305,278,289,225,
t 6223,
g 5432,
m 0,
l 0,
o 0,
worm 03 frame 0019
x 33561,33360,33158,32830,32518,32320,32238,32281,32560,32877,33026,33264,33462,
y 19642,19677,19847,20175,20516,20939,21406,21896,22296,22708,22902,22954,22981,
w 200,200,287,282,295,260,262,281,309,305,299,257,200,
t 6223,
g 5432,
m 0,
l 0,
o 0,
worm 03 frame 0020
x 33576,33372,33185,32830,32549,32315,32294,32274,32317,32560,32877,33071,33276,33454,33649,
y 19637,19655,19842,20140,20506,20911,21147,21383,21873,22296,22708,22857,22988,23080,23123,
w 200,200,267,273,268,242,234,227,293,331,305,278,289,225,200,
t 6223,
g 5432,
m 0,
l 0,
o 0,
worm 03 frame 0021
x 33737,33611,33189,32870,32591,32415,32298,32360,32600,32917,33255,33701,33980,
y 19392,19696,19871,20190,20554,20979,21413,21885,22300,22713,23051,23110,22896,
w 0,130,256,251,260,259,250,276,320,279,249,152,0,
t 6223,
g 5360,
m 0,
l 0,
o 0,
worm 03 frame 0022
x 33600,33165,32820,32540,32364,32210,32273,32512,32829,33196,33594,
y 19702,19840,20130,20494,20918,21341,21813,22228,22641,22949,23156,
w 200,284,255,258,249,293,328,295,295,270,200,
t 6223,
g 5360,
m 0,
l 0,
o 0,
worm 03 frame 0023
x 33550,33165,32820,32540,32328,32250,32312,32551,32831,33198,
y 19595,19840,20130,20494,20901,21345,21816,22231,22670,22978,
w 200,284,259,281,250,254,287,275,318,269,
t 6223,
g 5360,
m 0,
l 0,
o 0,
worm 03 frame 0024
x 33549,33164,32819,32539,32327,32210,32273,32512,32829,33221,33442,
y 19600,19845,20135,20499,20907,21341,21813,22228,22641,22915,23070,
w 200,282,257,259,251,293,286,295,295,229,234,
t 6223,
g 5360,
m 0,
l 0,
o 0,
worm 03 frame 0025
x 33557,33136,32817,32537,32325,32247,32267,32542,32859,33198,33388,
y 19650,19824,20143,20508,20915,21358,21834,22226,22639,22977,23168,
w 200,262,270,279,253,257,315,276,277,296,200,
t 6223,
g 5360,
m 0,
l 0,
o 0,
worm 03 frame 0026
x 33557,33136,32817,32537,32325,32208,32270,32510,32827,33194,33400,33597,
y 19650,19824,20143,20508,20915,21350,21822,22236,22649,22957,23130,23165,
w 200,262,260,260,253,296,319,303,303,278,200,200,
t 6223,
g 5360,
m 0,
l 0,
o 0,
worm 03 frame 0027
x 33534,33323,33113,32823,32543,32331,32253,32274,32548,32865,33232,33465,
y 19642,19729,19816,20162,20527,20934,21377,21853,22245,22658,22965,23100,
w 200,221,242,289,267,267,248,311,288,283,274,203,
t 6223,
g 5360,
m 0,
l 0,
o 0,
worm 03 frame 0028
x 33545,33322,33168,32823,32543,32331,32214,32277,32551,32831,33223,33467,
y 19655,19704,19872,20162,20527,20934,21368,21840,22233,22671,22946,23060,
w 200,205,263,275,267,267,287,283,276,319,258,208,
t 6223,
g 5360,
m 0,
l 0,
o 0,
worm 03 frame 0029
x 33515,33293,33139,32793,32513,32375,32259,32280,32554,32871,33238,33471,
y 19651,19701,19869,20159,20523,20961,21396,21871,22264,22676,22984,23119,
w 200,201,282,275,297,228,241,281,347,289,291,200,
t 6223,
g 5360,
m 0,
l 0,
o 0,
worm 03 frame 0030
x 33649,33449,33232,33144,32775,32528,32316,32200,32262,32600,32841,33255,33508,
y 19649,19658,19726,19937,20196,20584,20991,21425,21897,22236,22697,22937,23029,
w 200,207,229,200,291,273,279,301,262,302,315,241,229,
t 6223,
g 5360,
m 0,
l 0,
o 0,
worm 04 frame 0001
x 59955,60026,59852,59693,59454,59100,58539,58078,57600,57107,56723,56558,56456,56509,56770,
y 27533,27796,28097,28482,28896,29250,29250,29059,28931,28996,29380,29780,30159,30559,30760,
w 0,72,147,216,278,361,300,294,297,343,233,192,204,130,0,
t 6300,
g 6169,
m 0,
l 0,
o 0,
worm 04 frame 0002
x 60044,59798,59606,59403,59082,58521,58060,57582,57086,56701,56469,56435,
y 27806,28052,28421,28855,29238,29238,29046,28918,28940,29324,29689,30080,
w 200,200,239,300,324,289,300,282,360,265,200,235,
t 6300,
g 6169,
m 0,
l 0,
o 0,
worm 04 frame 0003
x 59856,59847,59623,59421,59068,58507,58030,57553,57060,56676,56546,56614,56533,
y 27833,28033,28384,28818,29171,29171,29021,28893,28958,29342,29755,30141,30362,
w 200,200,239,291,319,287,308,312,345,231,212,200,200,
t 6300,
g 6169,
m 0,
l 0,
o 0,
worm 04 frame 0004
x 59857,59633,59431,59077,58517,58040,57553,57060,56644,56479,56444,56309,56292,
y 28027,28378,28811,29165,29165,29015,28929,28994,29343,29743,30134,30327,30526,
w 200,222,256,319,322,318,275,309,248,200,228,200,200,
t 6300,
g 6169,
m 0,
l 0,
o 0,
worm 04 frame 0005
x 59973,59851,59724,59597,59395,59074,58513,58051,57574,57081,56697,56531,56430,56349,56384,56349,
y 27895,28054,28219,28384,28818,29201,29201,29010,28882,28946,29330,29730,30109,30331,30528,30725,
w 200,200,204,208,292,347,299,313,320,354,265,233,254,227,200,200,
t 6300,
g 6169,
m 0,
l 0,
o 0,
worm 04 frame 0006
x 59863,59854,59742,59615,59413,59060,58499,58022,57545,57060,56676,56510,56408,56291,56256,
y 27840,28040,28215,28380,28814,29167,29167,29017,28889,28997,29381,29781,30160,30364,30561,
w 200,200,200,230,299,312,333,308,294,306,252,211,200,200,200,
t 6300,
g 6169,
m 0,
l 0,
o 0,
worm 04 frame 0007
x 59850,59824,59744,59648,59446,59092,58534,58057,57592,57100,56716,56516,56381,56264,56229,56114,
y 27783,27981,28173,28358,28792,29145,29194,29044,28875,28939,29324,29708,30076,30280,30477,30641,
w 200,200,200,255,276,312,301,301,275,329,255,206,220,243,200,200,
t 6300,
g 6169,
m 0,
l 0,
o 0,
worm 04 frame 0008
x 59846,59754,59745,59618,59379,59092,58531,58043,57566,57073,56689,56523,56327,56192,56092,55928,
y 27779,27957,28165,28330,28744,29154,29154,29045,28917,28982,29366,29766,30106,30299,30472,30587,
w 200,200,200,254,230,318,256,350,290,319,250,200,251,200,200,200,
t 6300,
g 6169,
m 0,
l 0,
o 0,
worm 04 frame 0009
x 59735,59744,59681,59554,59453,59352,59065,58505,58017,57568,57076,56692,56526,56301,56183,56115,55973,
y 27795,27995,28194,28359,28575,28792,29202,29202,29094,28885,28949,29334,29734,30055,30259,30447,30588,
w 200,200,219,221,233,245,349,316,299,314,351,234,200,200,200,200,200,
t 6300,
g 6169,
m 0,
l 0,
o 0,
worm 04 frame 0010
x 59746,59683,59621,59501,59400,59079,58527,58050,57572,57080,56696,56496,56330,56163,56063,55899,
y 27896,28095,28293,28501,28717,29100,29198,29047,28919,28984,29368,29752,30108,30274,30448,30562,
w 200,206,209,225,295,268,299,351,290,316,243,248,245,200,200,200,
t 6300,
g 6169,
m 0,
l 0,
o 0,
worm 04 frame 0011
x 59745,59700,59637,59517,59436,59149,58607,58130,57653,57160,56776,56544,56409,56243,56128,55955,55782,
y 27857,28060,28259,28466,28691,29100,29245,29095,28967,28902,29286,29652,30020,30187,30351,30451,30551,
w 200,204,244,274,286,321,328,303,336,382,247,248,207,235,200,200,200,
t 6300,
g 6169,
m 0,
l 0,
o 0,
worm 04 frame 0012
x 59751,59742,59601,59539,59438,59151,58599,58111,57646,57154,56709,56509,56375,56194,56094,55913,
y 27874,28082,28235,28466,28683,29093,29190,29082,28913,28977,29289,29673,30042,30193,30366,30451,
w 200,200,242,263,263,317,290,318,316,326,227,211,233,215,200,200,
t 6300,
g 6169,
m 0,
l 0,
o 0,
worm 04 frame 0013
x 59755,59746,59605,59584,59447,59270,59094,58840,58586,58109,57644,57148,56732,56566,56370,56235,56071,55871,55698,
y 27865,28073,28226,28465,28661,28837,29014,29133,29251,29101,28932,28953,29302,29702,30042,30235,30350,30350,30450,
w 200,200,207,218,256,240,225,268,311,299,305,350,253,234,221,233,227,200,200,
t 6300,
g 6169,
m 0,
l 0,
o 0,
worm 04 frame 0014
x 59845,59749,59637,59536,59416,59311,59167,58897,58616,58139,57662,57166,56781,56581,56385,56219,56077,55884,55743,
y 27930,28114,28290,28507,28714,28941,29145,29218,29218,29068,28940,28918,29302,29686,30026,30192,30334,30386,30527,
w 200,200,254,253,245,295,279,318,318,334,307,358,231,219,224,223,222,200,200,
t 6300,
g 6169,
m 0,
l 0,
o 0,
worm 04 frame 0015
x 59845,59749,59637,59555,59402,59337,59176,58913,58637,58141,57663,57167,56975,56783,56683,56583,56387,56220,56057,55869,
y 27929,28113,28289,28514,28697,28938,29130,29226,29177,29112,28984,28962,29154,29346,29538,29730,30070,30237,30351,30420,
w 200,200,234,236,224,270,281,326,280,291,271,339,270,200,214,228,249,243,258,230,
t 6300,
g 6169,
m 0,
l 0,
o 0,
worm 04 frame 0016
x 59850,59753,59613,59571,59452,59327,59166,58912,58632,58155,57677,57181,56989,56797,56680,56580,56384,56218,56065,55883,
y 27915,28099,28253,28488,28696,28912,29104,29222,29222,29072,28944,28922,29114,29306,29489,29681,30021,30187,30316,30400,
w 200,200,200,255,269,253,306,322,324,308,344,358,217,224,246,250,220,280,271,201,
t 6300,
g 6169,
m 0,
l 0,
o 0,
worm 04 frame 0017
x 59920,59824,59712,59611,59529,59385,59225,58995,58716,58220,57742,57246,57000,56778,56695,56612,56416,56235,56094,55921,
y 27856,28041,28216,28433,28658,28862,29054,29215,29190,29125,28997,28975,29090,29246,29446,29646,29986,30137,30279,30379,
w 200,200,200,249,223,292,283,329,291,276,306,328,290,230,243,243,283,272,264,222,
t 6300,
g 6169,
m 0,
l 0,
o 0,
worm 04 frame 0018
x 59946,59850,59738,59619,59517,59392,59232,58989,58710,58233,57755,57263,57028,56853,56693,56593,56459,56308,56144,55956,
y 27882,28067,28243,28450,28667,28883,29075,29215,29239,29089,28961,28896,29032,29240,29386,29578,29947,30127,30242,30310,
w 200,200,226,265,274,300,281,327,335,297,342,379,319,289,212,209,263,244,246,218,
t 6300,
g 6169,
m 0,
l 0,
o 0,
worm 04 frame 0019
x 60046,59949,59809,59672,59552,59375,59232,58978,58697,58209,57722,57230,57007,56833,56687,56621,56456,56304,56131,55938,
y 27952,28136,28290,28486,28693,28870,29075,29193,29193,29085,28999,28934,29090,29298,29458,29664,30020,30200,30300,30352,
w 200,200,200,255,269,244,305,303,310,315,302,341,310,200,244,230,257,280,239,205,
t 6300,
g 6169,
m 0,
l 0,
o 0,
worm 04 frame 0020
x 60064,60055,59943,59803,59683,59563,59420,59243,59000,58724,58229,57751,57259,57023,56849,56703,56620,56485,56305,56190,56037,55835,
y 27751,27951,28126,28280,28487,28694,28899,29076,29216,29167,29102,28974,28909,29045,29253,29412,29612,29981,30132,30296,30425,30460,
w 200,200,200,200,245,254,270,311,331,277,300,330,340,310,211,232,220,245,244,231,200,200,
t 6300,
g 6169,
m 0,
l 0,
o 0,
worm 04 frame 0021
x 55467,55684,56123,56465,56622,56836,57200,57754,58251,58724,59216,59575,59740,59990,60167,
y 30715,30433,30375,30113,29735,29364,29000,29000,29133,29260,29195,28836,28438,28113,27807,
w 0,156,243,231,209,228,354,315,290,296,308,230,211,153,38,
t 6300,
g 6339,
m 0,
l 0,
o 0,
worm 04 frame 0022
x 55615,56057,56375,56564,56809,56992,57174,57727,58225,58698,59156,59516,59714,
y 30378,30359,30067,29704,29354,29172,28990,28990,29123,29250,29060,28701,28319,
w 200,245,242,255,200,256,311,311,304,319,266,272,245,
t 6300,
g 6339,
m 0,
l 0,
o 0,
worm 04 frame 0023
x 55657,55868,56079,56443,56600,56781,56978,57189,57734,58232,58714,59187,59514,59678,
y 30350,30283,30216,29985,29607,29219,29053,28906,29002,29135,29220,29071,28682,28284,
w 200,215,231,257,278,281,317,359,300,296,302,313,280,200,
t 6300,
g 6339,
m 0,
l 0,
o 0,
worm 04 frame 0024
x 55603,55808,56024,56366,56555,56830,56978,57201,57753,58237,58719,59192,59519,59683,59743,59851,
y 30350,30266,30218,29955,29592,29264,29053,28925,28973,29149,29234,29085,28696,28298,28107,27939,
w 200,200,283,227,247,217,275,340,310,286,291,299,273,217,200,200,
t 6300,
g 6339,
m 0,
l 0,
o 0,
worm 04 frame 0025
x 55563,55784,55988,56371,56591,56772,56954,57177,57729,58213,58695,59153,59445,59676,59752,
y 30253,30243,30159,29959,29614,29227,29044,28916,28964,29140,29225,29035,28619,28256,28071,
w 200,242,246,269,210,284,292,310,315,283,291,281,245,228,200,
t 6300,
g 6339,
m 0,
l 0,
o 0,
worm 04 frame 0026
x 55579,55795,55992,56374,56563,56777,56974,57198,57743,58227,58709,59167,59331,59494,59623,59649,59742,
y 30248,30200,30098,29899,29536,29165,29000,28871,28967,29143,29228,29038,28844,28649,28239,28040,27863,
w 200,200,218,237,245,242,302,345,310,287,293,291,252,212,227,200,200,
t 6300,
g 6339,
m 0,
l 0,
o 0,
worm 04 frame 0027
x 55467,55688,55908,56307,56496,56770,56968,57201,57746,58244,58717,59190,59297,59424,59518,59544,59636,
y 30064,30054,30025,29860,29497,29169,29004,28895,28991,29124,29251,29102,28872,28652,28231,28033,27856,
w 200,238,250,239,218,264,298,305,313,327,275,289,304,280,254,200,200,
t 6300,
g 6339,
m 0,
l 0,
o 0,
worm 04 frame 0028
x 55600,55821,56219,56469,56714,56911,57145,57690,58188,58676,59148,59256,59363,59493,59553,
y 30002,29993,29828,29503,29153,28987,28878,28974,29108,29150,29001,28771,28540,28130,27939,
w 200,208,257,200,263,282,327,326,297,251,320,265,266,219,207,
t 6300,
g 6339,
m 0,
l 0,
o 0,
worm 04 frame 0029
x 55619,55835,56233,56535,56716,56898,57140,57685,58170,58659,59132,59278,59344,59473,59533,
y 29938,29986,29821,29544,29157,28975,28886,28983,29159,29159,29010,28802,28556,28146,27955,
w 200,217,258,227,267,264,319,286,295,304,313,243,250,226,200,
t 6300,
g 6339,
m 0,
l 0,
o 0,
worm 04 frame 0030
x 55592,55812,56233,56482,56728,56893,57127,57678,58162,58650,59123,59269,59396,59442,59489,59532,59541,
y 29955,29984,29891,29566,29216,29019,28910,28958,29134,29177,29028,28820,28599,28389,28179,27984,27784,
w 200,216,267,247,252,292,299,301,312,315,319,293,204,208,212,200,200,
t 6300,
g 6339,
m 0,
l 0,
o 0,
worm 05 frame 0001
x 34651,35001,35394,35742,36081,36435,36500,36631,37050,37648,38067,38117,
y 29293,29148,28985,28718,28458,28104,27608,27122,26800,26879,26557,26178,
w 0,179,226,238,227,301,300,303,403,329,183,0,
t 6722,
g 5218,
m 0,
l 0,
o 0,
worm 05 frame 0002
x 34610,34960,35354,35723,36038,36422,36487,36617,37007,37308,37610,37833,
y 29198,29053,28890,28655,28366,28044,27549,27063,26705,26718,26732,26590,
w 200,200,245,272,284,282,317,314,361,296,232,216,
t 6722,
g 5218,
m 0,
l 0,
o 0,
worm 05 frame 0003
x 34783,34960,35354,35701,36040,36424,36489,36577,36861,37162,37440,37699,37914,
y 29146,29053,28890,28624,28364,28042,27546,27050,26604,26591,26707,26649,26659,
w 200,200,245,236,285,279,314,306,260,236,211,200,283,
t 6722,
g 5218,
m 0,
l 0,
o 0,
worm 05 frame 0004
x 34680,34858,35251,35640,35955,36365,36473,36604,36925,37227,37521,37779,
y 29144,29052,28889,28686,28398,28110,27622,27136,26717,26704,26769,26712,
w 200,200,242,267,251,302,327,303,389,312,270,277,
t 6722,
g 5218,
m 0,
l 0,
o 0,
worm 05 frame 0005
x 34872,35278,35666,35981,36336,36486,36573,36895,37196,37464,37728,37974,38123,
y 29051,28923,28721,28432,28078,27601,27106,26686,26673,26812,26824,26696,26462,
w 200,237,223,275,295,302,340,347,292,314,324,226,200,
t 6722,
g 5218,
m 0,
l 0,
o 0,
worm 05 frame 0006
x 34797,34997,35390,35738,36098,36420,36355,36568,37014,37308,37609,37844,38031,
y 29041,29033,28870,28603,28374,27990,27494,27038,26754,26819,26832,26710,26506,
w 200,200,255,246,238,333,248,301,400,373,332,255,200,
t 6722,
g 5218,
m 0,
l 0,
o 0,
worm 05 frame 0007
x 34752,34951,35344,35714,36028,36383,36448,36700,37089,37391,37685,37929,
y 29042,29068,28905,28669,28381,28026,27531,27095,26738,26751,26816,26715,
w 200,200,250,272,278,310,250,287,398,274,327,252,
t 6722,
g 5218,
m 0,
l 0,
o 0,
worm 05 frame 0008
x 34764,34964,35357,35727,36042,36426,36491,36621,36943,37244,37512,37774,37974,
y 29034,29043,28880,28645,28356,28034,27538,27052,26633,26646,26785,26751,26597,
w 200,208,239,266,288,282,322,316,336,250,285,305,226,
t 6722,
g 5218,
m 0,
l 0,
o 0,
worm 05 frame 0009
x 34818,35017,35220,35423,35746,36085,36469,36491,36621,36943,37231,37498,37708,
y 29035,29044,28980,28916,28620,28360,28038,27538,27052,26633,26542,26681,26842,
w 200,200,200,200,264,256,333,293,306,273,200,200,321,
t 6722,
g 5218,
m 0,
l 0,
o 0,
worm 05 frame 0010
x 34816,35016,35205,35402,35771,36110,36398,36506,36678,37182,37481,37780,
y 29044,29035,28937,28856,28620,28360,27950,27462,26989,26830,26790,26830,
w 200,236,247,263,279,236,302,301,336,371,291,278,
t 6722,
g 5218,
m 0,
l 0,
o 0,
worm 05 frame 0011
x 34810,35005,35194,35402,35771,36086,36440,36462,36634,37151,37450,37749,38005,
y 29043,29000,28902,28856,28620,28332,27977,27478,27005,26891,26851,26891,26784,
w 200,200,219,263,279,272,287,338,311,313,352,327,200,
t 6722,
g 5218,
m 0,
l 0,
o 0,
worm 05 frame 0012
x 34817,35017,35197,35400,35747,36086,36440,36506,36678,37182,37481,37782,38017,38124,
y 29046,29037,28922,28858,28592,28332,27977,27482,27009,26850,26889,26876,26727,26558,
w 200,200,232,262,242,272,261,295,293,351,311,376,200,200,
t 6722,
g 5218,
m 0,
l 0,
o 0,
worm 05 frame 0013
x 34844,35044,35213,35424,35771,36086,36440,36462,36634,37139,37438,37737,37971,
y 29053,29044,28915,28887,28620,28332,27977,27478,27005,26846,26885,26846,26697,
w 200,200,242,226,279,291,261,289,350,356,343,348,251,
t 6722,
g 5218,
m 0,
l 0,
o 0,
worm 05 frame 0014
x 34853,35053,35210,35417,35765,36125,36302,36479,36512,36545,36675,37179,37478,37773,37993,
y 29053,29044,28900,28854,28587,28358,28181,28004,27756,27508,27022,26863,26902,26837,26668,
w 200,200,228,259,250,225,233,241,248,255,287,338,299,338,246,
t 6722,
g 5218,
m 0,
l 0,
o 0,
worm 05 frame 0015
x 34788,34987,35184,35381,35728,36067,36259,36403,36414,36468,36680,37169,37470,37769,38034,
y 29038,29046,28965,28883,28617,28357,28196,27990,27741,27497,27040,26838,26851,26891,26807,
w 200,200,236,247,252,273,307,316,218,268,286,363,350,312,200,
t 6722,
g 5218,
m 0,
l 0,
o 0,
worm 05 frame 0016
x 34789,34989,35192,35371,35719,36079,36284,36428,36439,36450,36622,37068,37367,37654,37930,38089,
y 29041,29050,28986,28871,28604,28375,28231,28026,27776,27527,27054,26770,26809,26900,26863,26742,
w 200,200,215,263,236,254,269,273,340,251,314,393,337,338,218,200,
t 6722,
g 5218,
m 0,
l 0,
o 0,
worm 05 frame 0017
x 34828,35028,35225,35422,35769,36108,36300,36461,36494,36440,36612,36969,37256,37524,37771,37970,38139,
y 29048,29039,28958,28876,28609,28349,28188,27997,27749,27505,27032,26642,26551,26690,26819,26810,26703,
w 200,200,244,237,269,267,327,239,256,258,314,295,200,200,320,230,200,
t 6722,
g 5218,
m 0,
l 0,
o 0,
worm 05 frame 0018
x 34670,34870,35070,35227,35430,35799,36114,36319,36444,36455,36509,36682,37186,37480,37768,38015,
y 29041,29050,29041,28897,28833,28598,28309,28166,27949,27699,27455,26982,26823,26758,26848,26720,
w 200,200,200,234,238,226,240,296,261,324,294,335,423,258,342,202,
t 6722,
g 5218,
m 0,
l 0,
o 0,
worm 05 frame 0019
x 34684,34884,35083,35252,35441,35811,36126,36331,36416,36492,36481,36524,36568,36791,37014,37315,37519,37797,37976,38085,
y 29046,29055,29046,28917,28818,28583,28294,28151,27915,27677,27427,27179,26931,26789,26647,26634,26856,26869,26775,26605,
w 200,200,200,265,260,279,270,259,317,309,282,248,213,261,309,228,344,308,225,215,
t 6722,
g 5218,
m 0,
l 0,
o 0,
worm 05 frame 0020
x 34699,34898,35094,35263,35459,35829,36168,36373,36416,36449,36460,36525,36651,36903,37161,37460,37761,37996,
y 29047,29055,29012,28882,28801,28566,28305,28162,27915,27667,27418,27174,26957,26877,26820,26780,26794,26644,
w 200,245,200,244,256,245,235,329,305,251,261,333,296,323,382,283,296,243,
t 6722,
g 5218,
m 0,
l 0,
o 0,
worm 05 frame 0021
x 34630,35005,35378,35760,36115,36440,36565,36631,37050,37648,38106,38206,
y 29170,29121,28905,28685,28413,28088,27619,27122,26800,26879,26614,26239,
w 18,178,231,241,247,260,285,302,403,329,189,0,
t 6722,
g 5193,
m 0,
l 0,
o 0,
worm 05 frame 0022
x 34731,34930,35126,35321,35512,35703,36033,36358,36442,36558,36674,37093,37691,37920,38149,
y 29077,29094,29003,28912,28802,28691,28389,28064,27587,27364,27142,26820,26899,26766,26634,
w 200,200,202,204,217,230,269,306,242,238,234,380,315,257,200,
t 6722,
g 5193,
m 0,
l 0,
o 0,
worm 05 frame 0023
x 34660,34860,35057,35259,35446,35615,35814,36144,36440,36482,36449,36545,37014,37603,37843,38082,
y 29049,29049,29014,28940,28832,28691,28598,28295,27943,27460,27211,26980,26736,26866,26754,26643,
w 200,200,200,263,228,223,275,257,266,285,249,231,384,349,258,200,
t 6722,
g 5193,
m 0,
l 0,
o 0,
worm 05 frame 0024
x 34693,34893,35102,35304,35495,35664,36041,36337,36462,36516,36612,37002,37605,37865,
y 29041,29041,28985,28911,28801,28659,28419,28067,27598,27354,27122,26765,26738,26784,
w 200,200,211,272,280,229,241,290,280,287,298,415,238,292,
t 6722,
g 5193,
m 0,
l 0,
o 0,
worm 05 frame 0025
x 34710,34910,35123,35275,35475,35655,36033,36358,36483,36537,36570,37016,37619,37879,
y 29047,29047,29010,28857,28764,28638,28398,28073,27604,27359,27111,26826,26800,26846,
w 200,200,200,236,240,244,263,274,283,298,342,374,301,269,
t 6722,
g 5193,
m 0,
l 0,
o 0,
worm 05 frame 0026
x 34591,34764,34964,35151,35353,35544,35735,36090,36266,36442,36442,36442,36538,36592,37012,37614,37870,38130,
y 29150,29050,29050,28942,28868,28758,28648,28375,28228,28080,27837,27595,27363,27118,26796,26823,26891,26821,
w 200,200,203,207,273,249,225,244,222,200,221,242,265,318,404,239,299,200,
t 6722,
g 5193,
m 0,
l 0,
o 0,
worm 05 frame 0027
x 34680,34764,34964,35160,35355,35562,35718,36073,36221,36383,36486,36507,36561,36616,36937,37239,37540,37780,38048,
y 29235,29053,29053,28962,28871,28796,28640,28368,28192,28029,27809,27568,27323,27078,26658,26645,26632,26744,26720,
w 200,200,200,228,233,208,259,263,292,276,287,295,251,310,285,243,200,200,200,
t 6722,
g 5193,
m 0,
l 0,
o 0,
worm 05 frame 0028
x 34599,34714,34902,35114,35301,35500,35642,35831,36019,36208,36355,36438,36459,36514,36630,37049,37343,37631,37834,
y 29146,28982,29050,29013,28905,28812,28643,28523,28403,28271,28095,27867,27625,27381,27158,26836,26771,26862,27032,
w 200,200,200,200,219,274,202,218,235,247,266,291,261,287,296,367,313,271,271,
t 6722,
g 5193,
m 0,
l 0,
o 0,
worm 05 frame 0029
x 34695,34883,35078,35286,35467,35666,35855,36020,36196,36372,36455,36497,36551,36584,37030,37329,37617,37819,
y 28973,29042,28950,28895,28768,28675,28555,28404,28256,28108,27881,27642,27397,27148,26864,26825,26915,27085,
w 200,200,200,269,237,262,285,266,265,246,246,300,267,264,337,367,326,216,
t 6722,
g 5193,
m 0,
l 0,
o 0,
worm 05 frame 0030
x 34678,34878,35065,35267,35480,35661,35838,36016,36192,36324,36406,36449,36524,36557,36976,37277,37556,37743,
y 29047,29047,28939,28865,28808,28682,28546,28410,28262,28074,27846,27607,27368,27119,26797,26784,26899,27086,
w 200,200,200,235,276,243,279,265,262,283,310,249,278,303,404,361,306,218,
t 6722,
g 5193,
m 0,
l 0,
o 0,
