fields 34
worms 5
Wave_Initiation_Rate_Median
43.404009 20.815838 7.674973 6.322565 6.472723 
Wave_Initiation_Rate_Range
51.856655 20.489919 2.636427 6.870509 1.062904 
Body_Wave_Number_Median
1.279999 1.195987 1.459281 0.921057 0.936754 
Body_Wave_Number_Range
1.020127 1.022841 1.397560 1.613583 0.968059 
Asymmetry_Median
0.009196 -0.015268 -0.091207 0.088108 0.048177 
Asymmetry_Range
0.086025 0.138423 0.020698 0.178258 0.044040 
Reverse_Swimming
0.000000 0.613320 0.000000 0.031221 0.000000 
Curling
0.000000 0.000000 0.000000 0.000000 0.000000 
Stretch_Median
0.437614 0.553494 0.395879 0.473025 0.475512 
Stretch_Range
0.191941 0.171476 0.236457 0.292814 0.176929 
Attenuation_Median
62.931684 40.244533 80.763056 48.635850 68.074915 
Attenuation_Range
32.195806 47.183457 20.038944 49.709241 12.352145 
Traveling_Speed_Mean
1.766784 2.458387 0.343107 0.637619 0.202682 
Brush_Stroke_Median
0.084435 0.054205 0.025765 0.036306 0.026955 
Brush_Stroke_Range
0.032735 0.022407 0.001060 0.019946 0.003749 
Activity_Index_Median
88.830339 54.252995 10.241268 12.115602 8.483256 
Activity_Index_Range
99.539615 57.541152 3.587137 19.118267 2.707864 
Wave_Initiation_Rate_10
10.141189 12.603887 6.577078 5.644583 5.899500 
Body_Wave_Number_10
0.636464 0.474913 0.626511 0.196121 0.476149 
Asymmetry_10
-0.021134 -0.079722 -0.103426 -0.031203 0.023237 
Stretch_10
0.364499 0.480473 0.308846 0.336856 0.387211 
Attenuation_10
46.122143 8.945664 69.496874 11.588492 63.229413 
Brush_Stroke_10
0.072325 0.048113 0.025327 0.031904 0.025923 
Activity_Index_10
23.550293 37.049650 8.641634 9.218981 7.717495 
usability
0.998165 0.998165 0.994495 0.992661 0.987156 
status
valid
valid
valid
valid
valid
highThr
66.000000 71.000000 50.000000 61.000000 54.000000 
lowThr
51.000000 55.000000 41.000000 47.000000 39.000000 
prevThr
25.000000 25.000000 25.000000 25.000000 25.000000 
highThrDef
66.000000 71.000000 50.000000 61.000000 54.000000 
lowThrDef
51.000000 55.000000 41.000000 47.000000 39.000000 
prevThrDef
25.000000 25.000000 25.000000 25.000000 25.000000 
manualSeparators





separators
1  306  307  546
1  545  546
1  101  102  121  122  541  542  546
1  162  164  225  226  541  542  546
1   41   42  123  125  206  207  462  463  522  524  546
