fields 34
worms 5
Wave_Initiation_Rate_Median
22.621429 NaN 31.806089 49.981384 29.273573 
Wave_Initiation_Rate_Range
20.906049 NaN 48.047630 43.942657 16.060306 
Body_Wave_Number_Median
1.102002 NaN 0.633708 0.649824 1.223066 
Body_Wave_Number_Range
1.185623 NaN 0.778633 0.756533 0.895887 
Asymmetry_Median
-0.003983 NaN -0.014781 -0.016770 -0.003668 
Asymmetry_Range
0.143149 NaN 0.231323 0.126944 0.107171 
Reverse_Swimming
0.059798 NaN 0.000000 0.070837 0.000000 
Curling
0.000000 NaN 3.791822 0.000000 0.000000 
Stretch_Median
0.506503 NaN 0.597267 0.404113 0.578253 
Stretch_Range
0.200189 NaN 0.275530 0.275865 0.198506 
Attenuation_Median
67.167215 NaN 36.074823 26.719381 59.655379 
Attenuation_Range
22.196057 NaN 40.498891 28.105438 21.295702 
Traveling_Speed_Mean
1.975372 NaN 3.334743 5.619250 2.251923 
Brush_Stroke_Median
0.051900 NaN 0.188712 0.109078 0.067114 
Brush_Stroke_Range
0.018888 NaN 0.107115 0.034182 0.019913 
Activity_Index_Median
55.244184 NaN 78.927102 132.961965 56.336468 
Activity_Index_Range
67.616199 NaN 158.607707 133.555113 37.045562 
Wave_Initiation_Rate_10
13.064283 NaN 11.047342 22.842699 17.517798 
Body_Wave_Number_10
0.421405 NaN 0.120869 0.207341 0.520486 
Asymmetry_10
-0.090011 NaN -0.110847 -0.102341 -0.050526 
Stretch_10
0.397153 NaN 0.450337 0.266164 0.481611 
Attenuation_10
52.166485 NaN 14.385471 11.018061 52.143517 
Brush_Stroke_10
0.042300 NaN 0.134280 0.092458 0.057199 
Activity_Index_10
29.903370 NaN 34.810919 57.914539 36.736697 
usability
1.000000 0.000000 0.988971 0.996324 0.994485 
status
valid
rejected
valid
valid
valid
highThr
71.000000 61.000000 67.000000 69.000000 65.000000 
lowThr
56.000000 43.000000 44.000000 52.000000 50.000000 
prevThr
25.000000 25.000000 25.000000 25.000000 25.000000 
highThrDef
71.000000 61.000000 67.000000 69.000000 65.000000 
lowThrDef
56.000000 43.000000 44.000000 52.000000 50.000000 
prevThrDef
25.000000 25.000000 25.000000 25.000000 25.000000 
manualSeparators





separators
1  545
1    2  545
1  112  113  226  227  361  362  365  366  376  377  390  391  545
1    7    9  545
1  204  205  206  208  545
