fields 34
worms 5
Wave_Initiation_Rate_Median
53.194432 65.639397 69.803256 53.513312 49.874338 
Wave_Initiation_Rate_Range
48.368333 32.181513 53.760673 27.720408 24.688941 
Body_Wave_Number_Median
0.664936 0.730695 0.744313 0.977618 0.872075 
Body_Wave_Number_Range
0.498524 0.414753 0.475694 0.327938 0.587098 
Asymmetry_Median
-0.018142 0.004728 -0.011953 0.012032 -0.001147 
Asymmetry_Range
0.092295 0.100302 0.070945 0.055470 0.034829 
Reverse_Swimming
0.000000 0.000000 0.000000 0.000000 0.263109 
Curling
0.000000 0.000000 1.325967 0.000000 0.000000 
Stretch_Median
0.442873 0.389865 0.412491 0.447705 0.365092 
Stretch_Range
0.204851 0.189330 0.307669 0.230597 0.130851 
Attenuation_Median
16.525504 63.533570 55.663905 63.775397 31.415782 
Attenuation_Range
66.479846 23.033547 31.892087 18.448873 48.725478 
Traveling_Speed_Mean
4.692452 4.885631 9.303927 5.313719 5.054497 
Brush_Stroke_Median
0.127637 0.174545 0.117079 0.143854 0.131040 
Brush_Stroke_Range
0.036784 0.053240 0.039385 0.048064 0.036777 
Activity_Index_Median
140.453948 170.811533 206.966828 138.249455 115.874129 
Activity_Index_Range
138.603352 116.050119 168.151832 74.649777 72.160871 
Wave_Initiation_Rate_10
18.626906 34.310668 33.865085 37.749652 35.049028 
Body_Wave_Number_10
0.348330 0.532976 0.362145 0.783632 0.590783 
Asymmetry_10
-0.081840 -0.048790 -0.052661 -0.006925 -0.021978 
Stretch_10
0.372238 0.331249 0.336622 0.349303 0.296662 
Attenuation_10
-22.572753 50.335345 39.310628 53.771640 1.862489 
Brush_Stroke_10
0.109727 0.147398 0.095193 0.125740 0.114343 
Activity_Index_10
57.925229 96.747598 112.979409 98.962808 85.389389 
usability
0.985294 0.996324 0.998162 0.985294 0.996324 
status
valid
valid
valid
valid
valid
highThr
74.000000 74.000000 69.000000 82.000000 77.000000 
lowThr
48.000000 52.000000 42.000000 50.000000 55.000000 
prevThr
25.000000 25.000000 25.000000 25.000000 25.000000 
highThrDef
74.000000 74.000000 69.000000 82.000000 77.000000 
lowThrDef
48.000000 52.000000 42.000000 50.000000 55.000000 
prevThrDef
25.000000 25.000000 25.000000 25.000000 25.000000 
manualSeparators





separators
1   10   13  131  136  545
1  329  331  545
1  124  125  545
1   25   26  232  239  545
1  276  278  545
